

17
2 3 37 41 13 -155 15 7 2 10 42 15 -8 5 3 6 1000
14
1 0 15
1 1 15
1 15 15

2 10 1000
1 10 10

2 0 -1000
1 2 2
1 13 14
1 3 5
1 3 8

2 15 1999
1 7 15
1 1 8
1 0 16
3 0 12 43432



10
1 1 1 1 1 1 1 1 1 1
11
1 0 9
1 3 3
1 2 7
2 0 10
1 0 9
1 0 0
2 8 -10
1 8 9
1 9 9
2 9 -1000
1 0 9




25
3
1 2 1 1 1 2 1 2 1 1 1 2 1 1 1 2 2 2 2 2 2 2 2 1 1 2 1 1 1 2 1 2 1 1 1 2 1 1 1 2 2 2 2 2 2 2 2 1 

СС
вершина 1 соеденина с вершинами 4 6 7

Матр
00010110





СР
1 вершина соеденина с 4



1 вершина соеденина с 6


1 вершина соеденина с 7